99   1   0   0   0   0.064633
99   2   0   0   0.064633   0.129266
99   3   0   0   0.129266   0.193899
99   4   0   0   0.193899   0.258532
99   5   0   0   0.258532   0.323165
99   6   0   0   0.323165   0.387798
99   7   0   0   0.387798   0.452431
99   8   0   0   0.452431   0.517064
99   9   0   0   0.517064   0.581697
99   10   0   0   0.581697   0.64633
99   11   0   0   0.64633   0.710963
99   12   0   0   0.710963   0.775596
99   13   0   0   0.775596   0.84023
99   14   0   0   0.84023   0.904863
99   15   0   0   0.904863   0.969496
99   16   0   0   0.969496   1.03413
99   17   0   0   1.03413   1.09876
99   18   0   0   1.09876   1.16339
99   19   0.0888889   0.057303   1.16339   1.22803
99   20   0.212121   0.0896553   1.22803   1.29266
99   21   0.220202   0.0905557   1.29266   1.35729
99   22   0.276768   0.0943555   1.35729   1.42193
99   23   0.375758   0.104378   1.42193   1.48656
99   24   0.406061   0.104583   1.48656   1.55119
99   25   0.616162   0.137734   1.55119   1.61583
99   26   0.935354   0.190191   1.61583   1.68046
99   27   1.20606   0.220818   1.68046   1.74509
99   28   1.73333   0.293136   1.74509   1.80973
99   29   2.16162   0.335327   1.80973   1.87436
99   30   2.9798   0.43255   1.87436   1.93899
99   31   3.20202   0.417525   1.93899   2.00362
99   32   4.05455   0.487695   2.00362   2.06826
99   33   5.16768   0.58386   2.06826   2.13289
99   34   6.82626   0.748864   2.13289   2.19752
99   35   8.06667   0.839904   2.19752   2.26216
99   36   10.4404   1.04596   2.26216   2.32679
99   37   12.9697   1.16686   2.32679   2.39142
99   38   17.7515   1.52626   2.39142   2.45606
99   39   20.0242   1.5521   2.45606   2.52069
99   40   23.3495   1.57067   2.52069   2.58532
99   41   30.2323   1.89817   2.58532   2.64995
99   42   34.7131   2.04881   2.64995   2.71459
99   43   42.503   2.37024   2.71459   2.77922
99   44   50.7636   2.66764   2.77922   2.84385
99   45   63.9818   3.42599   2.84385   2.90849
99   46   83.0545   4.85974   2.90849   2.97312
99   47   139.715   11.1246   2.97312   3.03775
99   48   153.622   18.3209   3.03775   3.10239
99   49   99.0263   5.66195   3.10239   3.16702
99   50   78.2384   3.2301   3.16702   3.23165
99   51   65.204   2.63877   3.23165   3.29629
99   52   54.0667   2.62803   3.29629   3.36092
99   53   47.2606   2.55344   3.36092   3.42555
99   54   43.0788   2.55273   3.42555   3.49018
99   55   37.6283   2.52757   3.49018   3.55482
99   56   33.697   2.4521   3.55482   3.61945
99   57   31.4323   2.48103   3.61945   3.68408
99   58   31.1657   2.4326   3.68408   3.74872
99   59   31.9091   2.50552   3.74872   3.81335
99   60   30.497   2.24672   3.81335   3.87798
99   61   30.0343   1.99451   3.87798   3.94262
99   62   32.1697   1.93873   3.94262   4.00725
99   63   37.804   2.13789   4.00725   4.07188
99   64   44.6202   2.00579   4.07188   4.13651
99   65   50.3939   1.81532   4.13651   4.20115
99   66   63.1434   2.69734   4.20115   4.26578
99   67   96.703   10.0795   4.26578   4.33041
99   68   82.4788   3.24733   4.33041   4.39505
99   69   65.7616   2.21459   4.39505   4.45968
99   70   57.802   2.35713   4.45968   4.52431
99   71   54.9758   2.80226   4.52431   4.58895
99   72   56.7071   3.35213   4.58895   4.65358
99   73   58.1131   3.67021   4.65358   4.71821
99   74   61.3798   3.93365   4.71821   4.78285
99   75   65.7596   4.10203   4.78285   4.84748
99   76   77.4283   4.42689   4.84748   4.91211
99   77   90.0061   4.50672   4.91211   4.97674
99   78   107.006   4.72322   4.97674   5.04138
99   79   128.382   5.02487   5.04138   5.10601
99   80   166.343   6.36376   5.10601   5.17064
99   81   217.943   12.5551   5.17064   5.23528
99   82   349.109   43.5682   5.23528   5.29991
99   83   266.228   17.7143   5.29991   5.36454
99   84   198.838   7.9034   5.36454   5.42918
99   85   163.073   5.8684   5.42918   5.49381
99   86   142.988   5.7964   5.49381   5.55844
99   87   126.739   6.15119   5.55844   5.62307
99   88   113.857   6.12966   5.62307   5.68771
99   89   110.107   6.39156   5.68771   5.75234
99   90   107.596   5.91468   5.75234   5.81697
99   91   114.683   5.6785   5.81697   5.88161
99   92   123.931   4.85817   5.88161   5.94624
99   93   150.895   4.01065   5.94624   6.01087
99   94   191.17   6.86034   6.01087   6.07551
99   95   219.485   18.661   6.07551   6.14014
99   96   150.554   4.2333   6.14014   6.20477
99   97   130.24   3.8822   6.20477   6.2694
99   98   124.98   5.17273   6.2694   6.33404
99   99   125.729   6.18151   6.33404   6.39867
99   100   125.98   6.47375   6.39867   6.4633
