-7.84565    0    1.19644    0    -6.64921    0    0.797628    0    3.1694    0    
-7.83225    0.0134043    1.18473    0.0117113    -6.64752    0.00169299    0.78982    0.00780756    3.23759    0.0681976    
-7.8072    0.0262124    1.16524    0.0206282    -6.64196    0.00564072    0.776828    0.0137521    3.35392    0.122809    
-7.7731    0.0388194    1.13855    0.0304201    -6.63455    0.00841851    0.759031    0.0202801    3.51097    0.179461    
-7.73291    0.0501914    1.10532    0.040732    -6.62759    0.00953949    0.736881    0.0271546    3.69975    0.23444    
-7.68802    0.06078    1.06646    0.0511483    -6.62156    0.00984806    0.710975    0.0340988    3.9141    0.287378    
-7.63922    0.0708556    1.02312    0.0612131    -6.6161    0.00995615    0.682081    0.0408087    4.14851    0.33755    
-7.58808    0.0798778    0.976711    0.0704575    -6.61137    0.0098329    0.651141    0.0469717    4.39519    0.382499    
-7.53624    0.0874642    0.928839    0.0784403    -6.6074    0.00953634    0.619226    0.0522935    4.64587    0.420275    
-7.48538    0.0933115    0.881215    0.0847958    -6.60416    0.00912395    0.587477    0.0565305    4.89209    0.449367    
-7.43693    0.0973205    0.835509    0.0892864    -6.60142    0.00869686    0.557006    0.0595242    5.12625    0.469091    
-7.39242    0.099368    0.793186    0.0918399    -6.59923    0.00823533    0.528791    0.0612266    5.34122    0.47915    
-7.35278    0.0996293    0.755369    0.0925586    -6.59741    0.00779081    0.503579    0.0617058    5.53216    0.480334    
-7.31863    0.0983591    0.722746    0.0916922    -6.59588    0.00737377    0.481831    0.0611281    5.6961    0.473958    
-7.29025    0.0958628    0.695558    0.089586    -6.59469    0.00696634    0.463705    0.059724    5.83193    0.461666    
-7.26736    0.0925478    0.673643    0.0866183    -6.59371    0.00658948    0.449095    0.0577455    5.94089    0.445383    
-7.24936    0.088778    0.656526    0.0831447    -6.59283    0.00625279    0.437684    0.0554298    6.02565    0.426863    
-7.23553    0.0848355    0.643531    0.0794593    -6.59199    0.00595403    0.429021    0.0529729    6.08969    0.407514    
-7.2251    0.0809212    0.633881    0.075778    -6.59121    0.00568558    0.422588    0.0505186    6.13688    0.388347    
-7.21722    0.0771714    0.626786    0.0722386    -6.59044    0.00544976    0.417857    0.0481591    6.17129    0.370023    
-7.21117    0.0736534    0.621503    0.0689154    -6.58967    0.00523998    0.414336    0.0459436    6.19662    0.352872    
-7.20634    0.0703921    0.617389    0.0658369    -6.58895    0.00504794    0.411593    0.0438913    6.21605    0.337011    
-7.2022    0.0673892    0.613915    0.0630052    -6.58828    0.00486909    0.409277    0.0420035    6.23224    0.322432    
-7.1983    0.0646382    0.610681    0.0604095    -6.58761    0.0047096    0.407121    0.040273    6.24736    0.309075    
-7.19437    0.062123    0.607415    0.0580348    -6.58695    0.00456535    0.404943    0.0386898    6.26278    0.296855    
-7.19032    0.0598229    0.60396    0.0558649    -6.58636    0.00442594    0.40264    0.0372433    6.27917    0.28568    
-7.18611    0.0577188    0.600265    0.0538829    -6.58584    0.00429068    0.400176    0.0359219    6.2968    0.27546    
-7.18177    0.055788    0.596365    0.0520691    -6.5854    0.00415756    0.397577    0.0347127    6.31547    0.266096    
-7.17737    0.0540097    0.592365    0.0504005    -6.585    0.00403195    0.39491    0.0336003    6.33476    0.257479    
-7.17302    0.0523588    0.588419    0.0488512    -6.5846    0.00391537    0.392279    0.0325674    6.35393    0.249487    
-7.16895    0.0508055    0.58471    0.0473944    -6.58424    0.00380485    0.389807    0.0315962    6.37201    0.241981    
-7.16537    0.0493221    0.581437    0.046006    -6.58393    0.00369648    0.387624    0.0306707    6.38791    0.234836    
-7.16249    0.0478906    0.578788    0.0446687    -6.5837    0.00358997    0.385859    0.0297791    6.40064    0.227964    
-7.16046    0.046505    0.576928    0.0433749    -6.58353    0.00348694    0.384619    0.0289166    6.40943    0.221333    
-7.15939    0.0451696    0.575977    0.0421282    -6.58341    0.0033881    0.383984    0.0280854    6.4137    0.214958    
-7.15935    0.043897    0.575996    0.0409412    -6.58335    0.00329319    0.383997    0.0272941    6.41312    0.208903    
-7.1603    0.0427047    0.57698    0.0398315    -6.58332    0.00320308    0.384653    0.0265543    6.40776    0.203249    
-7.16214    0.0416063    0.578858    0.0388146    -6.58328    0.00311794    0.385905    0.0258764    6.39809    0.198064    
-7.16475    0.0406095    0.581499    0.0378984    -6.58325    0.00303708    0.387666    0.0252656    6.38467    0.193385    
-7.16799    0.0397134    0.584728    0.0370796    -6.58326    0.00296019    0.389819    0.0247198    6.36831    0.189197    
-7.17159    0.0389002    0.588343    0.0363442    -6.58325    0.00288711    0.392229    0.0242295    6.35011    0.18542    
-7.17536    0.0381489    0.592135    0.0356704    -6.58322    0.00281766    0.394757    0.0237803    6.33108    0.181949    
-7.17908    0.0374368    0.595903    0.0350342    -6.58318    0.00275172    0.397269    0.0233562    6.31221    0.178667    
-7.18261    0.0367462    0.599473    0.0344144    -6.58314    0.00268871    0.399649    0.0229429    6.2943    0.175475    
-7.18584    0.0360649    0.602703    0.0337956    -6.58313    0.00262829    0.401802    0.0225304    6.27798    0.172306    
-7.18863    0.0353827    0.605497    0.0331707    -6.58313    0.00257052    0.403665    0.0221138    6.2638    0.169114    
-7.19095    0.034699    0.607801    0.0325389    -6.58315    0.00251526    0.405201    0.0216926    6.25202    0.165896    
-7.19276    0.0340167    0.609603    0.0319047    -6.58316    0.00246232    0.406402    0.0212698    6.24273    0.162669    
-7.19408    0.0333413    0.610923    0.0312747    -6.58315    0.00241155    0.407282    0.0208498    6.23588    0.159462    
-7.19493    0.0326789    0.611808    0.0306556    -6.58313    0.00236298    0.407872    0.0204371    6.23126    0.156308    
-7.19539    0.0320349    0.612318    0.0300528    -6.58307    0.00231691    0.408212    0.0200352    6.22861    0.153235    
-7.19552    0.0314131    0.612516    0.0294699    -6.583    0.00227282    0.408344    0.0196466    6.22755    0.150263    
-7.19537    0.0308151    0.612465    0.0289085    -6.5829    0.00223188    0.40831    0.0192724    6.22784    0.147401    
-7.19504    0.0302408    0.612222    0.0283692    -6.58282    0.00219172    0.408148    0.0189128    6.22906    0.144651    
-7.19461    0.0296891    0.611837    0.0278513    -6.58277    0.00215208    0.407891    0.0185675    6.2309    0.142008    
-7.19407    0.0291591    0.611353    0.0273537    -6.58272    0.00211397    0.407568    0.0182358    6.23321    0.139469    
-7.19348    0.028649    0.610811    0.026875    -6.58267    0.00207707    0.407208    0.0179167    6.23574    0.137023    
-7.19288    0.0281571    0.610253    0.0264135    -6.58263    0.00204143    0.406835    0.017609    6.2383    0.134664    
-7.19228    0.0276823    0.609717    0.0259674    -6.58256    0.00200758    0.406478    0.0173116    6.24073    0.132385    
-7.19175    0.0272221    0.609243    0.0255354    -6.58251    0.00197454    0.406162    0.0170236    6.24276    0.130175    
-7.19131    0.0267758    0.60887    0.0251161    -6.58244    0.00194324    0.405913    0.016744    6.2443    0.128033    
-7.19099    0.0263423    0.608628    0.0247088    -6.58236    0.00191313    0.405752    0.0164725    6.24518    0.125954    
-7.19084    0.0259213    0.608541    0.0243136    -6.5823    0.0018836    0.405694    0.0162091    6.24526    0.123939    
-7.19085    0.025513    0.608619    0.0239308    -6.58223    0.00185506    0.405746    0.0159539    6.24456    0.121989    
-7.19103    0.0251181    0.608858    0.023561    -6.58217    0.00182737    0.405905    0.0157073    6.24309    0.120106    
-7.19137    0.0247369    0.609243    0.0232044    -6.58212    0.00180002    0.406162    0.0154696    6.24092    0.118292    
-7.19184    0.0243695    0.609746    0.022861    -6.5821    0.00177319    0.406497    0.0152407    6.23818    0.116546    
-7.19241    0.0240152    0.610336    0.0225301    -6.58207    0.00174704    0.406891    0.01502    6.23505    0.114862    
-7.19305    0.0236732    0.61098    0.0222105    -6.58207    0.00172155    0.40732    0.014807    6.23168    0.113235    
-7.19372    0.0233422    0.611647    0.021901    -6.58207    0.00169678    0.407765    0.0146007    6.22822    0.111659    
-7.1944    0.0230212    0.612309    0.0216005    -6.58209    0.00167285    0.408206    0.0144003    6.22478    0.110129    
-7.19505    0.0227086    0.612943    0.0213078    -6.58211    0.00164955    0.408629    0.0142052    6.22151    0.108638    
-7.19568    0.0224042    0.613532    0.0210222    -6.58215    0.00162726    0.409022    0.0140148    6.21843    0.107184    
-7.19624    0.0221063    0.614062    0.0207429    -6.58217    0.00160531    0.409375    0.0138286    6.21569    0.105761    
-7.19671    0.0218146    0.614522    0.0204696    -6.58219    0.00158381    0.409681    0.0136464    6.21332    0.104368    
-7.1971    0.0215292    0.614905    0.0202021    -6.58219    0.00156285    0.409936    0.0134681    6.21132    0.103005    
-7.19743    0.0212503    0.615209    0.0199403    -6.58222    0.00154261    0.410139    0.0132936    6.20966    0.101672    
-7.19767    0.0209776    0.615434    0.0196843    -6.58224    0.00152284    0.410289    0.0131229    6.20836    0.100368    
-7.19784    0.020711    0.615586    0.0194342    -6.58225    0.00150352    0.410391    0.0129561    6.20739    0.0990946    
-7.19794    0.0204507    0.615672    0.0191899    -6.58227    0.00148469    0.410448    0.0127933    6.20671    0.0978504    
-7.19797    0.0201967    0.615702    0.0189515    -6.58227    0.00146625    0.410468    0.0126343    6.20629    0.0966357    
-7.19796    0.0199489    0.615691    0.018719    -6.58227    0.00144826    0.410461    0.0124793    6.20605    0.0954503    
-7.19791    0.0197071    0.615652    0.0184921    -6.58225    0.00143076    0.410435    0.0123281    6.20591    0.0942934    
-7.19784    0.0194712    0.615602    0.0182707    -6.58224    0.00141369    0.410402    0.0121805    6.2058    0.0931641    
-7.19779    0.0192409    0.615557    0.0180545    -6.58223    0.00139698    0.410371    0.0120364    6.20563    0.0920617    
-7.19775    0.0190158    0.615531    0.0178434    -6.58222    0.00138068    0.410354    0.0118956    6.20536    0.0909853    
-7.19774    0.018796    0.615536    0.0176371    -6.58221    0.00136479    0.410357    0.0117581    6.20494    0.0899344    
-7.19776    0.0185812    0.615573    0.0174356    -6.58219    0.00134933    0.410382    0.0116237    6.20439    0.0889083    
-7.1978    0.0183713    0.615636    0.0172387    -6.58216    0.00133441    0.410424    0.0114924    6.20376    0.0879059    
-7.19784    0.018166    0.615708    0.0170462    -6.58213    0.00131975    0.410472    0.0113641    6.20312    0.086926    
-7.19787    0.0179653    0.615761    0.0168579    -6.58211    0.00130532    0.410507    0.0112386    6.20259    0.0859672    
-7.19785    0.017769    0.615763    0.0166737    -6.58208    0.00129138    0.410509    0.0111158    6.20236    0.0850279    
-7.19773    0.0175773    0.615682    0.0164936    -6.58205    0.00127787    0.410455    0.0109957    6.20257    0.0841089    
-7.19751    0.0173908    0.615491    0.0163183    -6.58201    0.00126472    0.410327    0.0108789    6.20334    0.0832129    
-7.19715    0.0172104    0.615173    0.0161488    -6.58198    0.00125194    0.410116    0.0107658    6.20475    0.0823444    
-7.19668    0.0170366    0.614727    0.0159859    -6.58195    0.00123901    0.409818    0.0106573    6.20676    0.0815068    
-7.1961    0.01687    0.614164    0.0158302    -6.58194    0.00122627    0.409443    0.0105535    6.20932    0.0807028    
-7.19542    0.0167109    0.613511    0.0156815    -6.58191    0.00121404    0.409007    0.0104543    6.21236    0.0799328    
-7.19467    0.0165581    0.612801    0.0155385    -6.58187    0.00120228    0.408534    0.010359    6.21569    0.0791915    
-7.19391    0.0164095    0.612073    0.0153996    -6.58184    0.00119072    0.408048    0.0102664    6.21912    0.0784707    
