-0.94194 0.33578
-0.71354 -0.70062
-0.18356 0.98301
-0.09021 -0.99592
0.30108 0.95360
-0.67194 -0.74061
0.34191 -0.93973
0.05784 -0.99833
0.12783 -0.99180
-0.48960 0.87195
-0.99892 0.04648
0.88227 -0.47075
0.94938 0.31414
-0.39126 -0.92028
0.98795 -0.15479
-0.72565 -0.68806
0.95458 -0.29795
0.76891 -0.63936
0.65600 -0.75476
0.11203 0.99371
-0.98477 -0.17388
0.51393 0.85783
0.96771 -0.25205
0.48565 0.87415
-0.97732 -0.21179
-0.98353 0.18077
0.17562 -0.98446
0.99484 -0.10146
-0.63457 -0.77286
-0.57222 -0.82010
-0.92601 -0.37749
-0.62882 0.77755
