1.000000000000003331e+00
4.986903201515260897e-01
2.674554831625860496e-01
1.348247573600878102e-01
7.003052994304864720e-02
2.656515375508628624e-02
4.345338622086798025e-02
9.680687467765745902e-02
1.040315938252528577e-01
1.125745646666077709e-01
9.129495892997022133e-02
7.178423348583665153e-02
4.377363610737145666e-02
2.086951205902513179e-02
4.123765860215282408e-02
3.668325807598271648e-02
2.953224875183164608e-02
3.423138168900165951e-02
6.386738269414032887e-02
3.364008708516091906e-02
-2.158844125191474242e-02
-1.893043376815269421e-02
5.563910502010037742e-03
6.570036018826681812e-02
4.981066151657903562e-02
5.777877885235419009e-02
3.521352312142263935e-02
7.313207927034318101e-02
4.264199260668573299e-02
1.816177017954784256e-02
-1.310960200745203350e-02
-7.791601169227925505e-03
-2.911085768581971739e-02
-3.513519650478486023e-02
-2.316645896938335225e-02
-1.977505552627170995e-02
-5.054475948869071103e-03
7.624287230671980206e-03
-2.061478326541371989e-02
-3.677144836719077603e-02
-7.656311964912279611e-02
-7.329224084727398170e-02
-4.435846883449962724e-02
-3.904885135768607594e-03
-8.595157671520480686e-03
1.568928112558706962e-03
-2.077742410350517238e-02
-2.893551393772712116e-02
-5.208505834674444918e-02
-3.244237139105609485e-02
2.338503269328398929e-02
7.921912307485632146e-03
-8.341172504384139486e-03
-5.256447715556036848e-02
-2.801832613728922478e-02
-4.042158080060620495e-02
-5.415249669690448686e-02
1.426988550933295727e-02
3.277550479061103889e-02
1.086304324430835931e-02
-8.346306139160831680e-03
-1.305827108240846003e-02
-2.333740679733623327e-02
-8.067698663609410015e-02
-1.014928234773942312e-01
-1.022938040396544346e-01
-7.817398607182513004e-02
-7.260805032198199005e-02
4.294187588419038845e-03
2.175111438113889323e-02
3.566585432571099668e-02
9.139454886843793044e-04
3.785187099277243644e-02
2.600547651737511110e-02
-7.458461954529352692e-03
-5.974015087052330503e-02
-6.190339004697540531e-02
-8.012573621827123738e-02
-7.036126015283972190e-02
-6.613046901854024995e-02
-7.044693520108744056e-02
-2.133384426287823418e-02
1.377982666048621109e-02
-7.388172080881418025e-03
2.712964035870886123e-02
3.341812299525800944e-02
-4.067517313202887873e-04
-3.506041873677041842e-02
-4.566146497717647051e-02
-8.325076133289330271e-02
-1.067527405818384789e-01
-9.764965864076306790e-02
-8.648464593155513747e-02
-8.088327134551753783e-02
-7.485241966549346752e-03
4.391834090204652791e-02
2.756614603618744164e-02
3.770778417976052010e-02
-1.727198062975596540e-02
-8.660343234808005539e-03
-2.957268546171136405e-03
-4.398617389678951932e-03
5.606855681962266170e-03
-1.893594798673651353e-02
-2.260973365547293279e-02
-1.684480755138749106e-02
-3.637495675647711008e-02
-2.117898655169191818e-02
1.489687179662625184e-02
3.870509613787696118e-02
2.481586693814862715e-02
2.624495242668084885e-02
2.116911173797748728e-03
-3.011169870856481370e-02
-5.212836435157785359e-02
-3.980492717435180072e-02
4.588838304040711476e-03
3.085408420695116491e-02
-1.822444293326742557e-02
1.995043064607871300e-02
2.577931392375564651e-02
5.913736442871079385e-03
4.520203297945742278e-03
2.002868380708514723e-02
2.459341679967251559e-02
2.687044397374466903e-02
2.908003005769773178e-02
1.135149365544698037e-02
4.251371604746474742e-02
4.783297204824843440e-02
3.599757439492923955e-02
3.380068624895317397e-02
2.482076547811438647e-02
-1.468637158798693880e-02
-4.230807486427319575e-02
-8.492846389339124558e-02
-6.479644930160419203e-02
-5.884201029202933142e-02
-2.749054763554129553e-03
2.492622574895288212e-02
1.585839858075270212e-02
-2.322404515514874673e-02
8.329505347803942833e-03
5.281866563914081741e-03
1.293269503813945787e-02
-6.786799951731047964e-04
-2.335949142355461805e-02
-4.526331369188880266e-02
-6.939156490203635119e-02
-5.198274624660143006e-02
-5.272297086866863103e-02
-3.351909460234305665e-04
-1.184920323706619393e-02
-1.195193799012961820e-02
-6.518577233706987148e-03
-1.939847888466184056e-02
-4.393847157304769241e-02
-2.095054427869817715e-02
-6.622117996076841429e-02
-1.169745748595376333e-01
-1.155778127074389705e-01
-9.638489113960951871e-02
-6.877841553464093816e-02
-4.261739433212240885e-02
-6.350095250448130335e-02
-5.664203070994586892e-02
4.578791579944219842e-03
6.268370659947826440e-02
7.045898076808777832e-02
8.129966731455604001e-02
3.921042843422781893e-02
1.899266251313002155e-02
-5.110872711480044829e-03
-1.043727956790493211e-02
-2.762685719634813686e-02
1.302688302861847343e-02
8.896634683557866352e-02
8.596757345528541205e-02
1.010667953616368880e-01
8.079462501534016849e-02
2.583540687029426200e-02
4.012727240232537296e-02
3.236572070638738668e-02
3.015902294441805132e-02
-1.411720043099319935e-02
-2.246636549378161658e-03
-1.330821777727534110e-03
1.460177203204719894e-02
-1.316810460219621816e-03
2.100407709471310141e-02
2.924303668552240320e-04
-1.805412578984678940e-02
1.472268701763815475e-02
2.356571308248813640e-02
4.835821295954258886e-02
3.706013152197983745e-02
4.989927366258734009e-02
-2.419480365244424877e-03
-3.542360696532433767e-02
-4.996061609388514901e-02
-5.570382273612880381e-02
-5.412208250842989038e-02
-5.746651441963517015e-02
-7.630727373067484887e-02
-5.467864188858616997e-02
-8.084865385342701605e-02
-7.782976209080175178e-02
-1.097671373726809563e-01
-9.940689436677095647e-02
-1.379501110774001560e-01
-9.075333697985388248e-02
-6.154639965317607042e-02
-1.133992338718620976e-03
-4.286752547648684875e-04
-9.633676012640991423e-03
-2.298142304849459111e-02
-5.251336204783453587e-02
-3.027986686871013411e-02
-1.779904420598237003e-02
7.028139402614360341e-03
1.520299701424177204e-02
2.920134009183029261e-02
-3.731838293095064707e-02
6.901662764153461025e-04
8.822582266475406665e-03
1.787142307145608844e-02
4.620562265478822539e-02
5.713220316656399816e-02
4.381247283315067853e-02
8.734162539836613087e-03
-1.055574128310938879e-02
-1.232341225378913788e-02
-3.098793362260626044e-02
-2.466352124655714351e-03
-4.161695664784019477e-03
3.038368989287962979e-02
2.689401321599007091e-02
5.543823706958837631e-03
-1.664177491374548706e-02
2.068123520308410776e-02
4.952856155252080561e-02
1.631943185196999338e-02
-2.627807355184815993e-02
-5.944994869901921997e-02
-5.247176453353254860e-02
1.719205275066385680e-02
6.948252985093725242e-02
1.132587619997459799e-01
1.323667419849833826e-01
8.522672788502354269e-02
5.261641104598138718e-02
6.288924893111151604e-02
4.209568824272506837e-02
1.456845723643853188e-02
4.222884074018986439e-02
2.912479572033095307e-02
-9.895433434228351546e-03
4.116630809118883294e-02
8.476997473695294105e-02
1.525006373230429133e-02
1.339316613022255992e-02
5.569082286443050207e-03
2.130008326145557684e-02
6.333520207157510018e-02
7.496435446137765524e-02
6.083672146600450914e-02
1.624617699795006046e-02
4.922389169850036918e-03
-1.041663958526263100e-03
-2.412178855007364800e-02
-2.252108427867748064e-02
-3.063243648214256792e-03
2.262793167037992909e-02
2.890791332389863397e-02
-1.182742300290697338e-03
-1.177404126164236821e-02
-1.710106730629041769e-02
-3.681543752621650040e-02
-1.004901760440470027e-01
-1.023548039631641537e-01
-8.881450856045712550e-02
-7.082601280643960329e-02
-4.379849632660286207e-02
4.031179212036235110e-03
2.477889175166498106e-02
5.760942839021492706e-03
3.121073856126574831e-03
-3.765205195489209483e-02
-6.689123131428016678e-02
-3.253916664439394230e-02
-3.251555561872575273e-02
-1.259545835569673977e-02
-1.748837228515152378e-03
6.392214529611331582e-03
6.326091410326500908e-03
1.525899463897629517e-02
3.246997101586331091e-02
2.690768152515339920e-02
5.851753440946654526e-03
3.261570616121700628e-03
6.201650543459924156e-03
-2.964795827490178046e-02
-3.870695990632820604e-02
-5.648385608125014445e-02
-2.877855730913488411e-02
-4.669587252311157427e-02
-4.129644815237275279e-02
-5.178545023470899206e-02
-4.823346971741113848e-02
-1.379191563816338333e-02
-6.517855262925401072e-02
-7.167252196399527542e-02
-4.438502067517697408e-02
-2.064478262581778342e-02
-1.645089863717102974e-02
-1.508366707378979051e-02
-4.876355531768147844e-02
-5.801305616847485247e-02
-2.084165729078425733e-02
-9.273002793926170273e-03
4.205181331054055199e-02
3.549210018418444412e-02
-2.529584403395739641e-03
-3.580923258430596112e-02
-6.922939024100699390e-02
-7.686984130400943693e-02
-7.774514576973275137e-02
-5.655072373310952166e-02
-7.102447252149268753e-02
-8.061847727463121449e-02
-5.847002431416509910e-02
-5.377062374717767046e-02
-3.845131556544331003e-02
-1.120989875082500052e-02
-1.700519770552330959e-02
-9.112512505412451169e-03
1.547261848109731178e-03
-3.834861280802769751e-02
-7.643972083787356486e-02
-8.049320730464844253e-02
-5.705193421107790375e-02
-3.547606172873194602e-02
2.650781482289632854e-02
5.508230941396424080e-02
2.958195398704109233e-02
3.650695798273552450e-02
5.119668299939972300e-02
2.740767959420190719e-02
-2.908288033157757982e-02
-2.422285380450175246e-02
-3.713039492041193823e-02
-4.318807945738495357e-02
-6.012299419381780807e-02
-2.430260914675695660e-02
1.971068695789356465e-02
4.282788585397681591e-02
3.993140448883347737e-02
8.113327009480235386e-02
7.622650220600445115e-02
8.233842821902970233e-02
2.674865550158309329e-03
-2.377898548454304359e-03
1.887972462870240314e-02
8.979012920533843700e-02
1.285475351431399627e-01
1.135693997675783773e-01
8.926455737807185986e-02
2.304046590073972542e-02
3.925774564363151281e-02
5.248860718696998079e-02
1.201970189103127723e-01
1.121329982735780606e-01
8.659180475359465334e-02
1.048387066418645513e-02
-3.933306867858362560e-03
-3.601918635635589089e-02
-9.505523106108526576e-02
-4.660177779329861825e-02
-1.961973579436684240e-02
-3.140900142279898655e-03
-2.520328032866808732e-02
-6.619193159426624458e-03
-4.018884672091447424e-02
-5.401180905638656993e-02
-4.698764892943442842e-04
1.012839241486954318e-02
3.968604954996129627e-03
-2.961416906105759916e-02
-1.373613228353989628e-02
-2.543037593275967664e-02
-1.912147806525398008e-02
-9.647900977721730886e-03
-2.165210903038492386e-03
1.471377635278730417e-02
-3.129089101503843701e-02
-5.385127421331903363e-02
-5.971036778493285339e-03
5.384842942600541471e-02
1.351177114029876968e-03
-1.350490656332247776e-02
4.042198499473974305e-02
4.703870265661520139e-02
5.035388517752917986e-02
4.390332322542268850e-02
3.938599619069092783e-02
-1.296481154555411894e-02
-3.913901798196855325e-02
-7.624959697515898416e-02
-1.750384061100176275e-02
9.506577975443116684e-04
-5.603599245891239394e-02
-5.375913247944381218e-02
-2.419268641099727585e-02
-2.227287581750803450e-03
3.083516493400731071e-02
6.869581007173106157e-02
1.008436160207073218e-01
5.225608582314496264e-02
2.242454005385422638e-02
-1.528507159031767572e-02
-2.315364292334444810e-02
-1.066587661250752161e-02
-2.066697079690412581e-02
2.967407019746605770e-02
4.114249146499828272e-03
9.767501911369456946e-03
-3.288690620527799646e-02
2.894666464991267965e-02
-7.256067988246839122e-03
-9.601680506176860433e-03
-3.111721266962332727e-02
-3.105708207239042326e-02
-3.685320032382170818e-02
-4.730769000665198398e-02
-6.816452937002649703e-02
-5.109355761384667960e-02
-2.810290244542415147e-02
-3.843801537943886473e-03
4.356962346542774672e-02
4.495872000293947568e-02
1.108632377190735124e-01
1.112147594025247321e-01
7.441745623440276791e-02
5.953262228075660578e-02
2.268800515465169143e-02
-2.137306924774256753e-02
-2.247113936232380052e-02
1.960984429648942803e-02
-2.012406130158400294e-02
-5.658485318107429191e-02
-5.314114053831477114e-02
-8.030457517265526812e-02
-7.553621954154227103e-02
-5.669216583347989197e-02
-4.232071684960582447e-02
-6.729198854417242637e-02
-6.265205013625808894e-02
-5.907073772720505822e-02
-4.248148074021119991e-02
-6.536178949351978407e-02
-7.157454766727314177e-02
-6.797351979389226750e-02
-3.914723520646966326e-02
-2.586763068949785027e-02
-2.580459324350509523e-02
2.256984068278937439e-02
5.031100493713615979e-02
1.051931034157290237e-02
-5.121953666584953303e-03
-3.406430775592571986e-02
-3.643064934837583757e-02
-6.105909876573385568e-03
4.512795761150402429e-02
7.434913994805830706e-02
6.193502746127384218e-02
7.681749681089850013e-02
-1.085082557077465641e-02
-8.761595048002653041e-02
-8.300173340691721635e-02
-5.605641008715430557e-02
-5.510157333816768921e-02
3.534596914450253285e-02
4.277265372078067895e-02
-1.845529072690124672e-02
-3.351872909976836429e-02
2.178722629811065056e-02
-7.971268163313143928e-04
2.553150546103610807e-02
-8.452598795897379655e-03
1.442571336612627313e-02
-3.107084146276454031e-03
2.872453268337317803e-02
5.579800884886820800e-02
3.214331640512779753e-02
1.334973932107741748e-02
-4.103631131122726012e-04
-2.591487799888880089e-02
-3.496219538776079716e-02
-1.071787754450675284e-02
4.214202416795474054e-02
4.508083140878482720e-02
4.892497333864108400e-02
1.945798990792470956e-02
1.703613348436811351e-02
-1.823401957499855980e-02
-3.406868700580399645e-02
-9.415461351394732725e-02
-1.164940598693393475e-01
-8.950945446735587840e-03
1.876537292608405905e-02
2.263843523210378947e-02
1.618518466496988648e-02
2.018223919634689126e-02
-2.874717845169064145e-02
-6.324230614098502734e-02
-6.603548345435038269e-02
-3.671035997761935149e-02
-4.685351252247112012e-03
3.592563843207518138e-03
3.741542675844910463e-03
-9.656432866577104729e-03
-1.651889980179421444e-02
2.253401534283624649e-02
-2.899413158586332598e-02
1.968443413763083100e-02
2.927602807329869952e-02
6.068555218130004120e-02
4.050797108056806289e-02
-1.000974115996063930e-02
2.548890459404451470e-02
2.951913600876845262e-02
1.579762921667613243e-02
6.396521011770155141e-02
4.595725454098179008e-02
6.376876005875817266e-02
5.834886264001443862e-02
-5.569010904674614841e-03
1.519718126738437564e-02
1.383449554008925678e-02
4.764463993072842046e-02
9.423556008031028219e-02
1.354065743938887290e-01
1.330389458642719513e-01
6.704443936835953466e-02
6.293033744365747473e-02
3.056452877728402934e-02
2.778766655177559303e-02
5.078096442552038070e-02
3.487032100102142873e-02
6.902757817449793609e-02
4.190580326069801714e-02
2.487236108198154563e-02
6.271308285909976687e-02
1.179148988170283935e-01
8.239882956691813032e-02
7.515876934235239670e-02
-3.263844472255724230e-03
-5.011709694700615392e-02
-9.581752299425365382e-02
-3.917267028382910576e-02
3.279411024722291707e-02
1.251645466398274009e-02
-1.537530514234370684e-02
3.639866497068992846e-02
1.001142323101688464e-02
-1.958926257228216228e-02
-2.249885609178262427e-02
1.754825517419875830e-02
-7.795373888926503125e-03
3.443534505878081270e-02
2.887633052865995822e-02
-1.309273280540242113e-02
-5.054233697899498945e-02
-4.894757682643643970e-02
-2.004127070042531836e-02
-5.767463475413098922e-02
-2.262398289026494938e-02
6.394018433094132182e-03
7.377310186849246609e-02
3.370696785840378989e-02
-1.264178103503977094e-02
-2.975007300629368620e-02
-2.318200711484225129e-03
2.835692992260587311e-02
7.656978084846802202e-02
6.885596544377067807e-02
-9.113635852829482520e-03
-1.851637601385058146e-02
-6.674925971952767878e-02
3.526008336900388063e-02
6.375507046642411857e-02
6.538022330980715335e-02
8.272984091488967684e-02
1.871925137926971905e-03
2.733949336457497728e-02
1.772305253631009485e-03
8.169265677661598918e-03
9.908312439424972820e-03
3.069248548447615563e-02
4.043935670125666654e-02
1.128894200488593860e-02
2.584410608236351395e-02
3.705464405739918726e-02
5.505076939417855031e-02
1.089445926224364841e-01
7.315251415486306863e-02
3.864312975250727700e-02
-1.903521525394084174e-02
-4.886743283850877861e-02
-5.245166733432608808e-02
1.936741622715191765e-03
1.854926200710815820e-02
5.841527840147642259e-02
6.023154003607095186e-02
2.871982385421685893e-02
-4.491202061213454833e-02
-6.522876240867019060e-02
-4.867642559030908173e-02
-1.171383686741981657e-02
-1.485944282311719815e-02
-1.302747459497524164e-02
3.705824509107913736e-03
-3.402645239465362792e-02
-4.797917087109240808e-02
-1.733635111470952297e-02
-2.411752989119879745e-02
-3.297547536169012639e-02
3.004157339009829678e-03
4.816189963014256420e-02
8.659805685416069321e-02
4.826400182497403435e-02
7.479581526155051896e-02
6.987450615020947275e-02
3.307989748463512070e-02
1.886569169320439360e-02
7.005805267702433503e-02
1.075375265938578739e-01
9.504100407669439921e-02
-1.376860218694177067e-02
3.450589428617600180e-02
-2.461898150889225631e-02
-1.142830986773290093e-03
-3.707256892461183867e-02
-6.070317580329049473e-02
-4.494246639471466409e-02
-7.980683173890155968e-02
-3.949768856323477434e-02
-1.176826674974388795e-02
5.099053695734800593e-03
8.426315214676033394e-02
6.953653406969539930e-02
1.102761181656414652e-01
9.953806846870095690e-03
-3.882179984161446273e-02
4.836027919758111721e-02
3.484439236238772580e-02
2.593061290291379453e-02
2.810819430036230054e-02
1.417451448265780733e-01
9.910551097185632541e-02
6.543876862009487261e-02
4.088370525779395220e-02
3.314732382529299998e-02
7.370793282614102049e-02
1.089550227623611450e-01
8.592488830299441216e-02
7.075273698477087259e-02
9.018755247663989838e-02
1.604111999336618744e-01
8.474172075608328580e-02
2.446989639935502267e-02
-2.395640407499113542e-02
-5.908584740315803163e-03
3.180214642108639828e-02
2.810727111574451431e-02
-7.437087831185545082e-03
-5.316915760825789705e-03
-1.335614600427309853e-02
-2.530214286613995459e-02
-5.339648141533341608e-02
-7.964664521389096252e-02
-1.290601216210604356e-02
-4.743274684744219760e-02
-3.506167555652756757e-02
-3.234684270066008008e-04
3.059288223701292497e-02
1.146869665864798243e-01
9.193981166592402055e-02
2.767342573567169867e-02
2.745093246474576958e-03
-3.902920466448256409e-02
-3.945137461778277371e-02
-4.378704095951751335e-02
-1.713559997813818249e-03
-1.850341877670152319e-02
8.784699383550193322e-03
-3.587364763336119838e-02
-1.265145537330186060e-02
-6.105615306132537723e-03
-2.129084360127003403e-02
-8.621299152479570960e-02
-7.801835377222272883e-02
-1.001190313658234382e-01
-1.352957324599096955e-01
-8.110456896425925766e-02
-1.336178657738166554e-02
-4.626281398948568074e-02
-1.478567886738515469e-01
-1.350743791447972519e-01
-1.554727424042805506e-01
-1.470833390383624040e-01
-1.677412408952980161e-01
-1.750298553127576373e-01
-7.656161172740988397e-02
-6.779438107329056884e-02
-3.631468192957337804e-02
1.134930396279874333e-02
1.369622469843265189e-02
-6.647378254399308184e-02
-1.471901409757711832e-01
-3.704642437732259819e-02
5.295614901661423873e-02
6.240716458856822302e-02
9.076858503760014407e-02
1.170299393012607173e-02
-4.920317786540825966e-02
-9.399756931958233586e-02
-4.461335988220287846e-02
-6.354923116151188489e-02
-4.686641047389399767e-02
-1.140301200176085522e-01
-8.276716478881578076e-02
-1.777269998225746231e-02
-3.245929749363823946e-02
-6.889529833875632225e-02
-8.637934407706301942e-02
-9.137281769118503483e-02
-1.487878945163892686e-01
-1.296640717379839436e-01
-6.116665872316350006e-02
-4.674937509023224108e-02
-6.941467702787824934e-02
-1.602493680478390692e-01
-1.811776336931866516e-01
-1.615013162357095133e-01
-1.091031114125486368e-01
5.086655629500593835e-03
-2.042704395073158263e-02
-6.693617163205781151e-02
-8.249253752264593120e-02
-1.059448634506130749e-01
-1.428065379801303214e-01
-1.173342354103059371e-01
-1.387435785957218948e-01
-1.865660984765455388e-01
-7.404441853905016635e-02
9.809002276097097267e-03
2.274458408808345197e-02
4.392447518959849417e-02
1.212351265982641044e-03
-1.357059671120460723e-03
-1.012532192544320225e-01
-1.071125176248563793e-01
-1.018882415946023301e-01
-1.649693493838222114e-01
-1.242295321628318350e-01
-3.360039072532283733e-02
4.388490149220616865e-02
-3.658264059795746093e-02
-1.120560846369255403e-01
-1.068289992007575989e-01
-5.651822344266643067e-02
-1.474463771265448475e-01
-1.082546811073500093e-01
-3.736196163835438233e-02
5.563620652172036017e-03
2.299436788881588020e-02
1.744626014639187941e-02
5.835596622691052726e-02
2.949554146769958404e-02
1.198580016363767591e-02
3.853591591090229501e-02
8.933479086791459856e-02
8.434327271486485866e-02
1.180244529829979211e-01
1.547477836390254435e-01
8.895338459103803441e-02
-1.087852988637758034e-02
4.254573656631663314e-03
7.775975864941371551e-02
4.788642202039899987e-02
-3.456226515351941420e-02
-4.981216632415527007e-02
1.845341651592961180e-02
-4.088910692892841481e-02
-1.873837996346238918e-02
-3.172901676139210786e-02
4.390935832236656650e-02
1.210824494237009302e-01
8.692073513602542600e-02
9.648088631925005876e-02
9.975309197056608790e-02
1.007467653775443867e-01
4.928809269747112115e-02
6.564984783260451040e-02
5.616550705855565678e-02
1.365955441177654217e-01
2.071261209485767696e-01
1.852638796923119779e-01
9.553461814006369845e-02
1.846751893133465050e-02
1.501034041339634022e-03
1.590155558231173133e-02
-1.361508422494346615e-02
-2.838270328107846477e-02
6.040078445061022698e-03
3.419309530890845411e-02
1.197527750833509708e-01
1.590634869241265015e-01
3.541483641640752467e-02
2.105498641297658818e-02
-2.540390854928798597e-02
-4.028867578357369500e-02
-1.173898934954536316e-01
-1.334721621780454249e-03
1.972293625213790702e-01
2.275613076567888637e-01
2.169899070624481119e-01
1.921158166903880193e-01
1.489030979007549549e-01
1.808367679375404852e-02
2.207559744354449863e-02
-1.950100927333661346e-02
-1.542685311238349392e-02
4.266691762960429617e-03
6.969026494538148320e-02
1.482910658000467508e-01
8.891720628916098546e-02
1.228306002159479035e-02
-5.632390335127558656e-03
-2.132322065923117349e-02
-1.331311036091918469e-02
6.365858643504023785e-03
1.703531267852460562e-01
1.672350907766745054e-01
1.564663740563395633e-01
1.021470628915653045e-01
6.043622240273140850e-02
-6.279985392404052735e-02
-9.360999058686124419e-02
5.653263851878775892e-02
6.174601018913977030e-02
1.892833176773028592e-01
9.408017810983634877e-02
1.392869298966891156e-01
1.129779481186854173e-01
5.906761103066546920e-02
5.032453357398219279e-02
1.851770695978552025e-02
2.290798811856241401e-02
5.507524478161330422e-02
8.275260238775292154e-02
1.623154375526244531e-01
7.372493353443984598e-02
9.342907027045942170e-02
8.464529891269396977e-02
4.187737404731315533e-02
-6.317989193013403421e-03
-3.592625698631279202e-02
-5.631512594572549157e-02
-5.649679180979482601e-02
1.350939439938766105e-02
2.428828388702430896e-02
-1.574059576680527164e-02
-1.586936591886336026e-02
9.343820152132314635e-03
3.596387271014563070e-02
-8.881558272728834469e-02
-9.965251869852502498e-02
-1.101752029616982625e-01
-4.091366677971554344e-02
-9.452177875587045031e-02
-3.925024807108770664e-02
3.992405976636427545e-02
3.648662316859936638e-02
3.175073135835418479e-03
2.177210726725251067e-02
2.306980975911437914e-02
2.935451219846880663e-02
1.092142656339866458e-01
6.956569092733914939e-02
-6.269203522253129213e-02
-1.201290654716055950e-01
-1.416257502840365633e-02
5.266472256034828575e-02
2.244172485019360272e-02
7.441961539564326267e-02
1.506472830114709838e-01
1.501384785305667213e-01
1.513530617795701312e-02
-1.526510441059993894e-01
-1.264195590409429304e-01
-1.432727211920263033e-01
-5.781022776935115792e-02
6.280606742502430062e-02
7.487218915573165545e-02
2.485760412872376531e-03
-7.409379382856014218e-02
-2.222551195077452635e-01
-1.413550948045294020e-01
-8.087028872246003475e-02
-1.370956760975766409e-01
8.141801892877580105e-02
1.800860231247163393e-02
5.109695510975603011e-02
6.929468239873905200e-02
1.867702296603903078e-01
7.614403761560102624e-02
-8.646709376077921227e-03
1.969228059677171358e-04
-2.725334711476701602e-02
3.084594919933286716e-02
8.133465367295818205e-02
3.192436205570978874e-02
-6.979004247305643782e-02
-1.894948777165259349e-02
-8.611830595476741013e-02
-1.151632579650616189e-01
6.467529562218130024e-02
-7.432712828153741937e-03
-5.721760918066366719e-02
-9.538788096091900537e-02
-1.601042460260767020e-01
2.834997487051160031e-02
9.965921442645696293e-02
1.574876740571287334e-02
-1.249111742760705968e-01
-7.910268550322262227e-02
1.512499319585332014e-01
1.892356191313466218e-01
2.591198896048744760e-01
7.126286174608224833e-02
-1.778242792321945154e-01
-2.187152328215345443e-01
-2.035246179093026797e-01
-1.949761345100523013e-01
-1.061167770602419597e-01
-4.139585179433125789e-03
3.058013088484960729e-02
1.308899556420146937e-01
2.713222112760354729e-02
-7.156909640766212499e-02
7.570374198549444100e-02
-1.549944728021262520e-02
-5.709025734610067432e-02
1.435567255427445781e-02
1.821895013733541846e-01
1.841237288398501759e-01
2.819864251734696126e-01
7.647534070411041163e-02
-2.083366979441004796e-01
-2.794684183645275155e-01
-1.843172916596231004e-01
-2.741629356697105613e-01
-1.136490743881149179e-01
-1.903737964444067177e-01
-2.855611508527979292e-01
-6.525305706496540431e-03
1.110321549120558970e-01
1.862054717889422284e-01
1.514523454476955633e-01
2.557904318977007874e-01
1.062942336449303471e-01
1.001352468292723286e-01
7.645032721216604710e-02
5.064681277152587729e-02
-6.280606742501308737e-02
2.076009358039825892e-01
1.895304702931887020e-01
3.193404711055779499e-01
2.907023692243197455e-01
2.380019397158207872e-01
1.395690387222457141e-01
2.235312335442761200e-01
1.665482323681034549e-01
5.455155570630793732e-02
2.142364399045544876e-01
-2.675761452424550713e-02
1.480428732160894711e-01
1.815221405624891926e-01
5.814047384486114023e-01
-2.392612092381691050e-02
-3.028149679420674353e-02
-3.955134275159169488e-02
-5.383377207856984009e-02
-2.067216847817303915e-01
-6.056299358839724034e-01
-8.613403532572183607e-01
-4.845039487071846063e-01
0.000000000000000000e+00
