0.98213 0.53849
0.04669 0.60088
0.63231 0.89012
0.74007 0.59247
0.10459 0.77330
0.08686 0.11448
0.38757 0.72316
0.91275 0.80821
0.25470 0.50488
0.42827 0.70824
0.64784 0.42321
0.87267 0.56741
0.10387 0.88278
0.64124 0.80527
0.98276 0.68578
0.15152 0.67699
0.00345 0.98597
0.82333 0.71318
0.91523 0.64857
0.88558 0.37201
0.87316 0.81806
0.21997 0.19913
0.16054 0.62443
0.91777 0.74826
0.34358 0.38133
0.73625 0.24020
0.07303 0.94278
0.87125 0.00554
0.11990 0.72686
0.93390 0.12621
0.17599 0.92120
0.31664 0.70693
