-0.426615           0   0.0492904           0
-0.416034   0.0105805   0.0495326 0.000242138
-0.415651  0.00612065   0.0492746  0.00029339
-0.414974  0.00438056   0.0490795 0.000284811
-0.415173  0.00339899   0.0490258 0.000227049
-0.414661  0.00282218   0.0490544 0.000187577
-0.414401  0.00239933   0.0490534 0.000158534
-0.415045  0.00217551   0.0490061 0.000145233
-0.414979  0.00191976   0.0489933 0.000128715
-0.414826  0.00172389   0.0489909 0.000115152
-0.415271  0.00162176   0.0489399 0.000115971
-0.415923   0.0016174   0.0489373 0.000105898
-0.415514  0.00154287   0.0489681  0.00010214
-0.415684  0.00143845   0.0489461 9.70703e-05
-0.415359  0.00137799   0.0489534   9.066e-05
-0.414925   0.0013599   0.0489522  8.4814e-05
-0.414862  0.00127897   0.0489809 8.46977e-05
-0.414893  0.00120622    0.048961 8.22985e-05
-0.415062  0.00115353   0.0489878 8.23294e-05
-0.414835   0.0011177    0.049007  8.0432e-05
-0.414814  0.00106336   0.0490081 7.65138e-05
-0.415009   0.0010325    0.049021 7.40911e-05
-0.41509 0.000989902   0.0490129 7.12639e-05
-0.414929 0.000961382   0.0489925 7.12005e-05
-0.4147 0.000950056   0.0490413 8.38973e-05
-0.414451 0.000945997   0.0490435 8.06363e-05
-0.414466 0.000910394   0.0490648 8.04614e-05
-0.414428 0.000878086   0.0490559 7.80416e-05
-0.414312 0.000855135   0.0490404 7.68716e-05
-0.414635 0.000887106   0.0490329 7.46445e-05
-0.414499 0.000868779   0.0490282 7.23506e-05
-0.41452 0.000841442   0.0490443 7.18712e-05
-0.4147 0.000835179   0.0490446 6.96599e-05
-0.414704 0.000810255   0.0490539 6.82245e-05
-0.414892 0.000808961   0.0490369 6.84015e-05
-0.414853 0.000787134   0.0490268 6.72407e-05
-0.414812 0.000766697   0.0490159 6.62961e-05
-0.414733 0.000750406   0.0490168 6.45345e-05
-0.414684 0.000732532   0.0490008 6.48663e-05
-0.41451 0.000734859   0.0489954 6.34584e-05
-0.414483 0.000717212   0.0489932 6.19284e-05
-0.41435 0.000712582    0.049004 6.13933e-05
-0.414468 0.000705787   0.0489987 6.01809e-05
-0.414486 0.000689803   0.0489945 5.89454e-05
-0.414563 0.000678642   0.0490001   5.789e-05
-0.414387 0.000686699   0.0489843 5.87798e-05
-0.414457 0.000675627   0.0489816 5.75803e-05
-0.414612 0.000679276   0.0489741 5.68709e-05
-0.414583 0.000665885    0.048979 5.59162e-05
-0.414437 0.000668715   0.0489842 5.50324e-05
