           1   -0.426615   -0.426615           0
           2   -0.405454   -0.416034   0.0105805
           3   -0.414885   -0.415651  0.00612065
           4   -0.412944   -0.414974  0.00438056
           5   -0.415968   -0.415173  0.00339899
           6   -0.412098   -0.414661  0.00282218
           7   -0.412839   -0.414401  0.00239933
           8   -0.419556   -0.415045  0.00217551
           9    -0.41445   -0.414979  0.00191976
          10   -0.413448   -0.414826  0.00172389
          11   -0.419728   -0.415271  0.00162176
          12   -0.423087   -0.415923   0.0016174
          13   -0.410611   -0.415514  0.00154287
          14   -0.417888   -0.415684  0.00143845
          15   -0.410809   -0.415359  0.00137799
          16   -0.408425   -0.414925   0.0013599
          17   -0.413848   -0.414862  0.00127897
          18   -0.415414   -0.414893  0.00120622
          19   -0.418119   -0.415062  0.00115353
          20   -0.410516   -0.414835   0.0011177
          21   -0.414386   -0.414814  0.00106336
          22   -0.419108   -0.415009   0.0010325
          23    -0.41687    -0.41509 0.000989902
          24   -0.411219   -0.414929 0.000961382
          25   -0.409212     -0.4147 0.000950056
          26    -0.40824   -0.414451 0.000945997
          27   -0.414831   -0.414466 0.000910394
          28   -0.413411   -0.414428 0.000878086
          29   -0.411071   -0.414312 0.000855135
          30   -0.424008   -0.414635 0.000887106
          31   -0.410409   -0.414499 0.000868779
          32   -0.415156    -0.41452 0.000841442
          33    -0.42046     -0.4147 0.000835179
          34   -0.414852   -0.414704 0.000810255
          35   -0.421291   -0.414892 0.000808961
          36    -0.41349   -0.414853 0.000787134
          37   -0.413312   -0.414812 0.000766697
          38   -0.411814   -0.414733 0.000750406
          39   -0.412833   -0.414684 0.000732532
          40   -0.407728    -0.41451 0.000734859
          41   -0.413411   -0.414483 0.000717212
          42   -0.408868    -0.41435 0.000712582
          43   -0.419434   -0.414468 0.000705787
          44   -0.415273   -0.414486 0.000689803
          45   -0.417935   -0.414563 0.000678642
          46    -0.40646   -0.414387 0.000686699
          47   -0.417704   -0.414457 0.000675627
          48   -0.421888   -0.414612 0.000679276
          49   -0.413208   -0.414583 0.000665885
          50    -0.40725   -0.414437 0.000668715
