-0.405034           0   0.0594383           0
-0.408306  0.00327182   0.0594574 1.90487e-05
-0.411417  0.00363924   0.0594692 1.61633e-05
-0.412464  0.00277841    0.059458 1.60329e-05
-0.414833   0.0032003   0.0594556 1.26443e-05
-0.415647  0.00273704   0.0594548 1.03569e-05
-0.415094  0.00237852   0.0594536 8.83073e-06
-0.414746   0.0020891   0.0594525  7.7289e-06
-0.414759  0.00184247    0.059456 7.66836e-06
-0.414988  0.00166386   0.0594567 6.89213e-06
-0.415113  0.00151017    0.059459 6.64345e-06
-0.414914  0.00139293   0.0594603 6.21105e-06
-0.415316  0.00134292   0.0594587 5.93166e-06
-0.415086  0.00126439   0.0594599 5.61932e-06
-0.414967  0.00118304   0.0594585 5.41758e-06
-0.414773  0.00112347    0.059458 5.08621e-06
-0.414762  0.00105538    0.059458 4.77804e-06
-0.414729 0.000995565   0.0594569  4.6372e-06
-0.414765 0.000942406   0.0594567  4.3926e-06
-0.41463 0.000904241   0.0594563 4.18519e-06
-0.415063 0.000962967   0.0594546 4.32439e-06
-0.41508 0.000918307   0.0594551 4.15992e-06
-0.415151 0.000880358   0.0594548  3.9915e-06
-0.415025 0.000852269   0.0594546 3.82752e-06
-0.414859 0.000833982   0.0594544 3.67422e-06
-0.414845 0.000801391   0.0594542 3.53875e-06
-0.414677 0.000789288   0.0594549 3.48067e-06
-0.414752 0.000764248   0.0594548 3.35513e-06
-0.414672 0.000741749   0.0594544 3.26514e-06
-0.414694 0.000716929   0.0594547 3.17133e-06
-0.414606 0.000698958   0.0594541 3.11651e-06
-0.414448 0.000694903   0.0594542 3.01784e-06
-0.41442  0.00067408   0.0594544 2.93056e-06
-0.414183 0.000695823   0.0594539 2.87593e-06
-0.414099 0.000680839   0.0594546   2.882e-06
-0.41418 0.000666584   0.0594546 2.80087e-06
-0.414228 0.000650132   0.0594543 2.74454e-06
-0.414313 0.000638473   0.0594537 2.74064e-06
-0.41431 0.000621892   0.0594533 2.69819e-06
-0.414298 0.000606272   0.0594527 2.69357e-06
-0.414244 0.000593777   0.0594525  2.6381e-06
-0.414218 0.000580025   0.0594523  2.5805e-06
-0.414008 0.000604184   0.0594523 2.51982e-06
-0.414113 0.000599523   0.0594523 2.46192e-06
-0.414205 0.000593272   0.0594521 2.41196e-06
-0.414113  0.00058752   0.0594521 2.35954e-06
-0.414039 0.000579639    0.059452 2.31013e-06
-0.414015 0.000567929   0.0594525  2.3161e-06
-0.414185 0.000581584   0.0594515 2.46617e-06
-0.414089 0.000577886   0.0594517 2.41995e-06
-0.414015 0.000571245   0.0594515 2.37568e-06
-0.413884 0.000575167   0.0594516 2.33059e-06
-0.413847 0.000565461   0.0594519 2.30378e-06
-0.413892 0.000556715   0.0594519 2.26075e-06
-0.414017 0.000560586   0.0594521 2.23259e-06
-0.41395 0.000554469   0.0594516  2.2554e-06
-0.414026 0.000549861   0.0594516 2.21571e-06
-0.414055 0.000541065   0.0594517 2.18047e-06
-0.414045 0.000531904    0.059452 2.15405e-06
-0.414138 0.000531155   0.0594519 2.11811e-06
-0.414142  0.00052239    0.059452 2.08375e-06
-0.414115 0.000514624   0.0594522 2.05999e-06
-0.414292  0.00053648   0.0594517 2.09198e-06
-0.414377 0.000534931   0.0594518  2.0665e-06
-0.414443 0.000530751   0.0594514 2.07148e-06
-0.414489 0.000524673   0.0594517 2.05855e-06
-0.414507 0.000517069   0.0594509 2.18534e-06
-0.414407 0.000518972   0.0594509 2.15323e-06
-0.414356 0.000513997   0.0594511 2.12958e-06
-0.414368 0.000506752   0.0594509 2.11054e-06
-0.414456 0.000507191   0.0594508 2.08214e-06
-0.414451 0.000500124   0.0594511 2.07892e-06
-0.414523 0.000498503   0.0594511  2.0518e-06
-0.414498 0.000492346    0.059451 2.02401e-06
-0.41444 0.000489143   0.0594516 2.07557e-06
-0.414349 0.000491232   0.0594519 2.07015e-06
-0.414388 0.000486394   0.0594517  2.0522e-06
-0.414376 0.000480269    0.059452 2.04503e-06
-0.414498  0.00048957   0.0594516 2.06168e-06
-0.414459 0.000485013   0.0594515 2.03641e-06
-0.414431  0.00047977   0.0594517 2.02084e-06
-0.414367 0.000478199   0.0594514 2.01728e-06
-0.414377 0.000472511   0.0594514 1.99311e-06
-0.414343 0.000468149   0.0594514 1.96952e-06
-0.414328  0.00046283   0.0594512 1.95721e-06
-0.414269 0.000461199   0.0594513 1.93661e-06
-0.414194 0.000462092   0.0594512 1.92069e-06
-0.414252  0.00046046   0.0594511 1.90068e-06
-0.414297 0.000457542   0.0594509 1.89165e-06
-0.414348 0.000455306   0.0594506 1.89329e-06
-0.414322 0.000451039   0.0594507 1.87693e-06
-0.414369 0.000448575   0.0594505 1.87084e-06
-0.414391 0.000444278   0.0594505 1.85102e-06
-0.414344 0.000442096   0.0594508 1.85012e-06
-0.414372 0.000438333   0.0594509 1.83587e-06
-0.414383 0.000433885   0.0594506 1.83871e-06
-0.41436 0.000430009   0.0594507 1.82189e-06
-0.414357 0.000425609   0.0594509 1.80833e-06
-0.414279 0.000428439   0.0594508 1.79282e-06
-0.414314  0.00042554   0.0594507 1.77522e-06
