           1   0.0594383   0.0594383           0
           2   0.0594764   0.0594574 1.90487e-05
           3   0.0594929   0.0594692 1.61633e-05
           4   0.0594242    0.059458 1.60329e-05
           5   0.0594461   0.0594556 1.26443e-05
           6   0.0594506   0.0594548 1.03569e-05
           7   0.0594466   0.0594536 8.83073e-06
           8   0.0594446   0.0594525  7.7289e-06
           9   0.0594841    0.059456 7.66836e-06
          10   0.0594628   0.0594567 6.89213e-06
          11   0.0594819    0.059459 6.64345e-06
          12    0.059475   0.0594603 6.21105e-06
          13   0.0594396   0.0594587 5.93166e-06
          14   0.0594754   0.0594599 5.61932e-06
          15   0.0594388   0.0594585 5.41758e-06
          16   0.0594515    0.059458 5.08621e-06
          17    0.059457    0.059458 4.77804e-06
          18   0.0594382   0.0594569  4.6372e-06
          19   0.0594524   0.0594567  4.3926e-06
          20   0.0594489   0.0594563 4.18519e-06
          21   0.0594208   0.0594546 4.32439e-06
          22   0.0594667   0.0594551 4.15992e-06
          23   0.0594468   0.0594548  3.9915e-06
          24   0.0594496   0.0594546 3.82752e-06
          25   0.0594508   0.0594544 3.67422e-06
          26    0.059448   0.0594542 3.53875e-06
          27   0.0594736   0.0594549 3.48067e-06
          28   0.0594525   0.0594548 3.35513e-06
          29   0.0594425   0.0594544 3.26514e-06
          30   0.0594642   0.0594547 3.17133e-06
          31   0.0594376   0.0594541 3.11651e-06
          32   0.0594555   0.0594542 3.01784e-06
          33   0.0594602   0.0594544 2.93056e-06
          34   0.0594396   0.0594539 2.87593e-06
          35   0.0594789   0.0594546   2.882e-06
          36   0.0594539   0.0594546 2.80087e-06
          37   0.0594423   0.0594543 2.74454e-06
          38    0.059431   0.0594537 2.74064e-06
          39   0.0594384   0.0594533 2.69819e-06
          40     0.05943   0.0594527 2.69357e-06
          41   0.0594428   0.0594525  2.6381e-06
          42   0.0594451   0.0594523  2.5805e-06
          43    0.059453   0.0594523 2.51982e-06
          44   0.0594517   0.0594523 2.46192e-06
          45   0.0594451   0.0594521 2.41196e-06
          46   0.0594497   0.0594521 2.35954e-06
          47   0.0594484    0.059452 2.31013e-06
          48    0.059476   0.0594525  2.3161e-06
          49   0.0594051   0.0594515 2.46617e-06
          50   0.0594581   0.0594517 2.41995e-06
          51   0.0594449   0.0594515 2.37568e-06
          52   0.0594551   0.0594516 2.33059e-06
          53   0.0594667   0.0594519 2.30378e-06
          54   0.0594512   0.0594519 2.26075e-06
          55   0.0594653   0.0594521 2.23259e-06
          56   0.0594225   0.0594516  2.2554e-06
          57   0.0594534   0.0594516 2.21571e-06
          58   0.0594586   0.0594517 2.18047e-06
          59   0.0594645    0.059452 2.15405e-06
          60   0.0594499   0.0594519 2.11811e-06
          61   0.0594551    0.059452 2.08375e-06
          62   0.0594646   0.0594522 2.05999e-06
          63   0.0594196   0.0594517 2.09198e-06
          64   0.0594629   0.0594518  2.0665e-06
          65   0.0594265   0.0594514 2.07148e-06
          66   0.0594697   0.0594517 2.05855e-06
          67   0.0593971   0.0594509 2.18534e-06
          68   0.0594532   0.0594509 2.15323e-06
          69   0.0594635   0.0594511 2.12958e-06
          70   0.0594357   0.0594509 2.11054e-06
          71   0.0594452   0.0594508 2.08214e-06
          72   0.0594744   0.0594511 2.07892e-06
          73   0.0594453   0.0594511  2.0518e-06
          74   0.0594494    0.059451 2.02401e-06
          75   0.0594935   0.0594516 2.07557e-06
          76   0.0594745   0.0594519 2.07015e-06
          77    0.059437   0.0594517  2.0522e-06
          78   0.0594736    0.059452 2.04503e-06
          79    0.059419   0.0594516 2.06168e-06
          80   0.0594474   0.0594515 2.03641e-06
          81   0.0594676   0.0594517 2.02084e-06
          82   0.0594278   0.0594514 2.01728e-06
          83   0.0594486   0.0594514 1.99311e-06
          84   0.0594542   0.0594514 1.96952e-06
          85   0.0594338   0.0594512 1.95721e-06
          86   0.0594593   0.0594513 1.93661e-06
          87   0.0594376   0.0594512 1.92069e-06
          88   0.0594436   0.0594511 1.90068e-06
          89   0.0594318   0.0594509 1.89165e-06
          90   0.0594245   0.0594506 1.89329e-06
          91   0.0594625   0.0594507 1.87693e-06
          92   0.0594294   0.0594505 1.87084e-06
          93   0.0594541   0.0594505 1.85102e-06
          94   0.0594753   0.0594508 1.85012e-06
          95    0.059464   0.0594509 1.83587e-06
          96   0.0594236   0.0594506 1.83871e-06
          97   0.0594594   0.0594507 1.82189e-06
          98    0.059464   0.0594509 1.80833e-06
          99   0.0594408   0.0594508 1.79282e-06
         100   0.0594469   0.0594507 1.77522e-06
