100   1   0   0   0   0.064633
100   2   0   0   0.064633   0.129266
100   3   0   0   0.129266   0.193899
100   4   0   0   0.193899   0.258532
100   5   0   0   0.258532   0.323165
100   6   0   0   0.323165   0.387798
100   7   0   0   0.387798   0.452431
100   8   0   0   0.452431   0.517064
100   9   0   0   0.517064   0.581697
100   10   0   0   0.581697   0.64633
100   11   0   0   0.64633   0.710963
100   12   0   0   0.710963   0.775596
100   13   0   0   0.775596   0.84023
100   14   0.00336   0.00032521   0.84023   0.904863
100   15   0.56726   0.00410672   0.904863   0.969496
100   16   4.6942   0.0154258   0.969496   1.03413
100   17   10.1773   0.026954   1.03413   1.09876
100   18   12.7181   0.0339192   1.09876   1.16339
100   19   13.1142   0.0303281   1.16339   1.22803
100   20   12.7243   0.0272838   1.22803   1.29266
100   21   12.4632   0.0269342   1.29266   1.35729
100   22   12.317   0.0248798   1.35729   1.42193
100   23   12.3717   0.0264669   1.42193   1.48656
100   24   12.6861   0.0250958   1.48656   1.55119
100   25   13.0797   0.0241696   1.55119   1.61583
100   26   13.6465   0.0277037   1.61583   1.68046
100   27   14.3468   0.0239076   1.68046   1.74509
100   28   15.0997   0.028723   1.74509   1.80973
100   29   16.0094   0.0312524   1.80973   1.87436
100   30   17.0107   0.0265222   1.87436   1.93899
100   31   18.1255   0.0275712   1.93899   2.00362
100   32   19.208   0.0335757   2.00362   2.06826
100   33   20.4377   0.0319356   2.06826   2.13289
100   34   21.6317   0.0279963   2.13289   2.19752
100   35   22.8403   0.0325768   2.19752   2.26216
100   36   24.0249   0.0339512   2.26216   2.32679
100   37   25.3288   0.0343334   2.32679   2.39142
100   38   26.6253   0.0361941   2.39142   2.45606
100   39   27.8482   0.0381617   2.45606   2.52069
100   40   29.227   0.0402265   2.52069   2.58532
100   41   30.5549   0.0361631   2.58532   2.64995
100   42   31.9993   0.0394873   2.64995   2.71459
100   43   33.4729   0.0379361   2.71459   2.77922
100   44   34.9293   0.038344   2.77922   2.84385
100   45   36.4771   0.0427591   2.84385   2.90849
100   46   38.0076   0.0424141   2.90849   2.97312
100   47   39.6565   0.0423632   2.97312   3.03775
100   48   41.4156   0.0415621   3.03775   3.10239
100   49   43.0059   0.0375874   3.10239   3.16702
100   50   44.7733   0.0418159   3.16702   3.23165
100   51   46.6249   0.0453477   3.23165   3.29629
100   52   48.37   0.0452354   3.29629   3.36092
100   53   50.3094   0.0486215   3.36092   3.42555
100   54   52.1891   0.0454209   3.42555   3.49018
100   55   53.9456   0.0444589   3.49018   3.55482
100   56   56.0475   0.050354   3.55482   3.61945
100   57   57.9788   0.0513033   3.61945   3.68408
100   58   59.9386   0.0499838   3.68408   3.74872
100   59   62.1549   0.047211   3.74872   3.81335
100   60   64.2565   0.050645   3.81335   3.87798
100   61   66.4039   0.0581934   3.87798   3.94262
100   62   68.6325   0.0532521   3.94262   4.00725
100   63   70.7429   0.0505616   4.00725   4.07188
100   64   73.0726   0.0527209   4.07188   4.13651
100   65   75.4381   0.0549002   4.13651   4.20115
100   66   77.7783   0.0581114   4.20115   4.26578
100   67   80.0928   0.0542248   4.26578   4.33041
100   68   82.437   0.0610319   4.33041   4.39505
100   69   84.8906   0.0527071   4.39505   4.45968
100   70   87.4497   0.0539114   4.45968   4.52431
100   71   90.0361   0.0597743   4.52431   4.58895
100   72   92.4569   0.0616607   4.58895   4.65358
100   73   95.1709   0.0653382   4.65358   4.71821
100   74   97.7023   0.059645   4.71821   4.78285
100   75   100.434   0.0623089   4.78285   4.84748
100   76   103.09   0.057276   4.84748   4.91211
100   77   105.744   0.0599784   4.91211   4.97674
100   78   108.553   0.0648392   4.97674   5.04138
100   79   111.374   0.059005   5.04138   5.10601
100   80   114.254   0.0626671   5.10601   5.17064
100   81   117.148   0.0661241   5.17064   5.23528
100   82   119.986   0.0714012   5.23528   5.29991
100   83   123.033   0.073861   5.29991   5.36454
100   84   125.957   0.0692631   5.36454   5.42918
100   85   129.001   0.062913   5.42918   5.49381
100   86   132.141   0.0804532   5.49381   5.55844
100   87   135.274   0.0686337   5.55844   5.62307
100   88   138.408   0.0734188   5.62307   5.68771
100   89   141.542   0.0705434   5.68771   5.75234
100   90   144.801   0.0739534   5.75234   5.81697
100   91   148.083   0.0718488   5.81697   5.88161
100   92   151.136   0.0760964   5.88161   5.94624
100   93   154.56   0.0655895   5.94624   6.01087
100   94   157.97   0.0749176   6.01087   6.07551
100   95   161.339   0.080612   6.07551   6.14014
100   96   164.791   0.0794017   6.14014   6.20477
100   97   168.005   0.0835785   6.20477   6.2694
100   98   171.594   0.0837354   6.2694   6.33404
100   99   175.323   0.0897777   6.33404   6.39867
100   100   178.752   0.0791571   6.39867   6.4633
