           1   -0.405034   -0.405034           0
           2   -0.411578   -0.408306  0.00327182
           3   -0.417638   -0.411417  0.00363924
           4   -0.415607   -0.412464  0.00277841
           5   -0.424307   -0.414833   0.0032003
           6    -0.41972   -0.415647  0.00273704
           7   -0.411773   -0.415094  0.00237852
           8   -0.412307   -0.414746   0.0020891
           9   -0.414865   -0.414759  0.00184247
          10   -0.417054   -0.414988  0.00166386
          11    -0.41636   -0.415113  0.00151017
          12   -0.412721   -0.414914  0.00139293
          13   -0.420141   -0.415316  0.00134292
          14   -0.412096   -0.415086  0.00126439
          15   -0.413307   -0.414967  0.00118304
          16   -0.411867   -0.414773  0.00112347
          17   -0.414573   -0.414762  0.00105538
          18    -0.41417   -0.414729 0.000995565
          19   -0.415417   -0.414765 0.000942406
          20   -0.412057    -0.41463 0.000904241
          21   -0.423724   -0.415063 0.000962967
          22   -0.415433    -0.41508 0.000918307
          23   -0.416717   -0.415151 0.000880358
          24   -0.412123   -0.415025 0.000852269
          25   -0.410896   -0.414859 0.000833982
          26   -0.414488   -0.414845 0.000801391
          27   -0.410301   -0.414677 0.000789288
          28   -0.416772   -0.414752 0.000764248
          29   -0.412432   -0.414672 0.000741749
          30   -0.415326   -0.414694 0.000716929
          31   -0.411971   -0.414606 0.000698958
          32   -0.409558   -0.414448 0.000694903
          33   -0.413538    -0.41442  0.00067408
          34   -0.406338   -0.414183 0.000695823
          35   -0.411246   -0.414099 0.000680839
          36   -0.417011    -0.41418 0.000666584
          37   -0.415975   -0.414228 0.000650132
          38   -0.417458   -0.414313 0.000638473
          39   -0.414209    -0.41431 0.000621892
          40   -0.413814   -0.414298 0.000606272
          41   -0.412077   -0.414244 0.000593777
          42   -0.413176   -0.414218 0.000580025
          43   -0.405172   -0.414008 0.000604184
          44   -0.418619   -0.414113 0.000599523
          45   -0.418266   -0.414205 0.000593272
          46   -0.409961   -0.414113  0.00058752
          47    -0.41063   -0.414039 0.000579639
          48   -0.412901   -0.414015 0.000567929
          49    -0.42234   -0.414185 0.000581584
          50   -0.409378   -0.414089 0.000577886
          51   -0.410319   -0.414015 0.000571245
          52   -0.407226   -0.413884 0.000575167
          53   -0.411893   -0.413847 0.000565461
          54   -0.416279   -0.413892 0.000556715
          55    -0.42076   -0.414017 0.000560586
          56   -0.410301    -0.41395 0.000554469
          57   -0.418253   -0.414026 0.000549861
          58   -0.415697   -0.414055 0.000541065
          59   -0.413481   -0.414045 0.000531904
          60    -0.41962   -0.414138 0.000531155
          61   -0.414384   -0.414142  0.00052239
          62   -0.412445   -0.414115 0.000514624
          63   -0.425275   -0.414292  0.00053648
          64   -0.419773   -0.414377 0.000534931
          65   -0.418665   -0.414443 0.000530751
          66   -0.417483   -0.414489 0.000524673
          67   -0.415644   -0.414507 0.000517069
          68   -0.407763   -0.414407 0.000518972
          69   -0.410843   -0.414356 0.000513997
          70   -0.415221   -0.414368 0.000506752
          71    -0.42059   -0.414456 0.000507191
          72   -0.414082   -0.414451 0.000500124
          73   -0.419732   -0.414523 0.000498503
          74   -0.412687   -0.414498 0.000492346
          75   -0.410177    -0.41444 0.000489143
          76   -0.407498   -0.414349 0.000491232
          77   -0.417369   -0.414388 0.000486394
          78    -0.41345   -0.414376 0.000480269
          79   -0.424007   -0.414498  0.00048957
          80   -0.411348   -0.414459 0.000485013
          81    -0.41224   -0.414431  0.00047977
          82   -0.409175   -0.414367 0.000478199
          83   -0.415209   -0.414377 0.000472511
          84   -0.411453   -0.414343 0.000468149
          85   -0.413125   -0.414328  0.00046283
          86   -0.409259   -0.414269 0.000461199
          87   -0.407693   -0.414194 0.000462092
          88   -0.419285   -0.414252  0.00046046
          89   -0.418317   -0.414297 0.000457542
          90   -0.418896   -0.414348 0.000455306
          91    -0.41196   -0.414322 0.000451039
          92   -0.418643   -0.414369 0.000448575
          93   -0.416429   -0.414391 0.000444278
          94   -0.409917   -0.414344 0.000442096
          95   -0.417033   -0.414372 0.000438333
          96   -0.415439   -0.414383 0.000433885
          97   -0.412144    -0.41436 0.000430009
          98   -0.414075   -0.414357 0.000425609
          99   -0.406639   -0.414279 0.000428439
         100   -0.417736   -0.414314  0.00042554
