-0.111614   0.539306   -0.543951
-1.41273   0.605959   0.532475
0.333539   -1.76199   -1.54142
-1.65961   0.976044   0.251353
0.465146   -0.141469   -0.261261
-0.193176   -0.445318   -0.186916
-0.57822   0.462128   0.0237611
-2.04893   1.35892   -0.301035
0.201265   -1.79598   -0.139963
1.55992   1.59442   1.32557
1.08287   0.564332   0.244421
-0.448533   1.06446   -0.322125
1.3159   -0.39288   0.730456
1.02839   0.37871   -1.05018
-0.601241   0.133081   -0.333984
0.866667   0.303205   -1.08109
1.28999   -0.0700701   -0.298323
2.12117   0.191502   0.139917
0.598771   0.877974   1.44259
-0.891417   -0.140421   -0.588471
0.400077   -0.525008   -1.78889
-1.3601   -0.348334   -0.00898511
0.982973   -0.628631   0.0317952
-2.24399   -1.48301   -0.745951
-0.0147354   -0.693011   -0.244229
-1.66553   1.02532   -2.32288
1.22333   -0.194652   1.86739
-0.733719   0.0513798   0.702438
0.149429   0.83476   0.382538
0.648735   1.9726   0.463503
0.962964   2.3377   0.295124
0.277727   -1.38572   -1.3081
0.873963   -1.51754   1.95028
-1.35474   0.15758   0.653772
2.01077   -0.648231   1.02457
1.31715   2.13525   0.374999
-0.797172   -0.0710033   0.773391
-1.17592   -0.153988   1.05126
0.442352   -0.07472   -0.32332
0.208147   -0.824985   0.391632
0.891772   0.82398   -0.250454
0.0502545   0.696637   -0.419192
-0.884002   0.643398   1.07056
-0.453992   -0.505765   -1.92645
0.935908   0.366585   1.10422
2.03406   0.868812   -1.03013
0.928609   -1.09265   -0.84863
-0.955558   0.312626   0.304551
2.63726   2.26996   -0.901926
2.47992   -0.242823   1.96101
0.108309   -1.14452   -0.155508
0.291241   -2.17678   -1.16132
-0.166938   -0.233526   -1.29536
-1.283   -0.425131   -0.621902
0.598225   2.2115   1.28486
1.37173   -1.63038   -1.36829
-0.84328   -0.347215   0.0212324
-1.16793   0.211888   1.21483
0.89955   0.855173   0.922252
-0.383573   0.509063   1.33282
0.0428521   0.569173   0.563571
-2.16969   0.249438   0.256884
-1.60554   1.99327   -1.26612
-0.624886   1.03501   -0.906995
-0.0710599   -0.106947   -0.692854
-1.52557   -0.815879   0.918023
-0.761597   0.279509   -1.13405
0.619698   0.737439   2.08621
-0.092528   -0.650569   0.76886
0.252011   -0.543589   -1.41459
0.15207   -1.91575   -2.69464
-0.992021   1.50163   0.198221
-1.53523   -1.46872   -1.03348
0.64652   0.387616   1.52619
-1.45994   1.01216   -0.32378
-0.776111   1.42691   0.971227
-0.346224   0.612384   1.06855
0.652805   0.00495235   -0.138748
-0.160048   -0.11679   -0.204519
0.332416   -0.575282   -0.50351
-0.797991   -1.22743   -0.770037
0.193187   -0.836032   -0.471037
0.159669   -1.00934   1.44234
-0.538843   0.0804339   0.339121
-0.507026   0.834068   0.64481
-0.764197   -0.178836   0.110048
0.927088   -0.445747   -0.743408
0.569821   2.62957   0.440621
0.746038   0.862601   0.28285
-0.641181   -0.598442   -0.703614
-0.128414   -0.177794   -1.12587
0.484499   -1.28525   -0.309128
-0.616614   0.982035   -2.37245
0.84501   -1.00467   0.470506
-1.47849   0.0978854   -0.4495
1.20943   0.069597   1.6193
-0.803555   -1.39309   -1.26129
-0.297068   -0.662133   0.880822
0.236091   -1.35015   -1.249
-2.19754   0.22974   -0.021164
2.58966   -0.405147   1.10989
0.951777   -1.67121   -1.11744
-1.19161   -1.40025   1.07233
0.318938   0.100449   0.696561
0.752583   -0.812872   0.811373
-1.2372   1.48417   -0.189756
-0.151917   -1.01371   2.30214
0.631499   -1.75292   0.0172357
