0.40902 0.22956
0.87498 0.27675
0.29639 0.48576
0.05481 0.83467
0.89914 0.01315
0.34944 0.51003
0.71922 0.28347
0.85487 0.72929
0.85351 0.82748
0.88750 0.71366
0.68019 0.93938
0.30863 0.97400
0.75224 0.43200
0.60296 0.50690
0.72043 0.50195
0.74672 0.47724
0.92511 0.29460
0.49124 0.72662
0.63994 0.10587
0.86805 0.02779
0.94313 0.53947
0.63899 0.70213
0.57933 0.10869
0.96807 0.01078
0.56561 0.18413
0.08450 0.06435
0.71220 0.78251
0.09066 0.53860
0.27315 0.10528
0.44681 0.35743
0.93499 0.24356
0.46686 0.37441
